list(N=98,
     N11= 1, N12=51,
     N21=52, N22=98 
    )
