list(
  alpha=5.611373,
  b=c(0.002332,-0.192082,0.028027,-0.040142,0.131149),
  S=c(NA,-0.103271),
  W=c(NA,-0.173260,-0.006730,-0.015690)
)
