list(
  alpha=5.567643,
  b=c(-0.016750,-0.208159,0.012404,-0.054141,0.108725),
  S=c(NA, -0.133857),
  W=c(NA,-0.228104,-0.053383,-0.059347)
)
