list(
  alpha=5.611373,
  b=c(0.002332,-0.192081,0.028027,-0.040141,0.131148),
  S=c(NA,-0.103271),
  W=c(NA,-0.173260,-0.006729,-0.015689)
)
