list(
  alpha=5.523914,
  b=c(-0.035833,-0.224237,-0.003218,-0.068142,0.086302),
  S=c(NA,-0.164443),
  W=c(NA,-0.282948,-0.100036,-0.103006)
)
